perchlorate ClO4 55.71 50
     1         17           0        0.000000    0.000000   -0.000022
     2          8           0        0.000000    0.000000    1.472676
     3          8           0        0.000000    1.388371   -0.490876
     4          8           0        1.202365   -0.694186   -0.490876
     5          8           0       -1.202365   -0.694186   -0.490876
sulfate SO4 60.48	48
      1         16           0        0.000000    0.000000   -0.000041
      2          8           0        0.000000    0.000000    1.510346
      3          8           0        0.000000    1.423856   -0.503421
      4          8           0        1.233096   -0.711928   -0.503421
      5          8           0       -1.233096   -0.711928   -0.503421
carbonate CO3 38.74		32
      1          6           0        0.000019    0.000096    0.000000
      2          8           0       -0.000053    1.308322    0.000000
      3          8           0        0.000019   -0.654197    1.133209
      4          8           0        0.000019   -0.654197   -1.133209
BF4 44.66 42
      1          5           0        0.000000    0.000000    0.000341
      2          9           0        0.000000    0.000000    1.411709
      3          9           0        0.000000    1.331437   -0.470633
      4          9           0        1.153058   -0.665719   -0.470633
      5          9           0       -1.153058   -0.665719   -0.470633
PF6 46.83 70
      1         15           0        0.000000    0.000000    0.000000
      2          9           0        0.000000    0.000000    1.628564
      3          9           0        0.000000    0.000000   -1.628564
      4          9           0        0.000000    1.628564    0.000000
      5          9           0        0.000000   -1.628564    0.000000
      6          9           0       -1.628564    0.000000    0.000000
      7          9           0        1.628564    0.000000    0.000000
triflate CF3SO3	74
      1          6           0        0.000000    0.000000   -1.674612
      2         16           0        0.000000    0.000000    0.450316
      3          9           0        0.000000    1.361030    1.422960
      4          8           0        0.000000   -1.282184   -1.482388
      5          9           0       -1.178687   -0.680515    1.422960
      6          8           0        1.110404    0.641092   -1.482388
      7          9           0        1.178687   -0.680515    1.422960
      8          8           0       -1.110404    0.641092   -1.482388
triiodate I3 


