Acetone

 Center     Atomic      Atomic             Coordinates (Angstroms)
 Number     Number       Type             X           Y           Z
 ---------------------------------------------------------------------
      1          6           0        0.000000    0.000000    0.186531
      2          8           0        0.000000    0.000000    1.403367
      3          6           0        0.000000    1.287056   -0.617128
      4          6           0        0.000000   -1.287056   -0.617128
      5          1           0        0.000000    2.141833    0.059348
      6          1           0        0.000000   -2.141833    0.059348
      7          1           0       -0.881660    1.324237   -1.264821
      8          1           0        0.881660    1.324237   -1.264821
      9          1           0        0.881660   -1.324237   -1.264821
     10          1           0       -0.881660   -1.324237   -1.264821



Acetonitrile

Center     Atomic      Atomic             Coordinates (Angstroms)
 Number     Number       Type             X           Y           Z
 ---------------------------------------------------------------------
      1          6           0        0.000000    0.000000   -1.186318
      2          1           0        0.000000    1.026140   -1.558212
      3          1           0        0.888663   -0.513070   -1.558212
      4          1           0       -0.888663   -0.513070   -1.558212
      5          6           0        0.000000    0.000000    0.275569
      6          7           0        0.000000    0.000000    1.448447

Chloroform

Center     Atomic      Atomic             Coordinates (Angstroms)
 Number     Number       Type             X           Y           Z
 ---------------------------------------------------------------------
      1          6           0        0.000000    0.000000    0.446186
      2          1           0        0.000000    0.000000    1.530084
      3         17           0        0.000000    1.684901   -0.082494
      4         17           0        1.459167   -0.842451   -0.082494
      5         17           0       -1.459167   -0.842451   -0.082494

DCM

 Center     Atomic      Atomic             Coordinates (Angstroms)
 Number     Number       Type             X           Y           Z
 ---------------------------------------------------------------------
      1          6           0        0.000000    0.000000    0.757228
      2          1           0       -0.894864    0.000000    1.372885
      3          1           0        0.894864    0.000000    1.372885
      4         17           0        0.000000    1.475694   -0.214386
      5         17           0        0.000000   -1.475694   -0.214386

DMF
Center     Atomic      Atomic             Coordinates (Angstroms)
 Number     Number       Type             X           Y           Z
 ---------------------------------------------------------------------
      1          1           0       -1.368909    1.702960    0.891041
      2          8           0       -0.151787   -1.945296    0.000000
      3          6           0       -0.664243   -0.838705    0.000000
      4          1           0       -1.761654   -0.687519    0.000000
      5          7           0        0.000000    0.351260    0.000000
      6          6           0        1.451235    0.375604    0.000000
      7          1           0        1.797159   -0.657861    0.000000
      8          1           0        1.832495    0.884872    0.891443
      9          1           0        1.832495    0.884872   -0.891443
     10          6           0       -0.740849    1.604024    0.000000
     11          1           0       -1.368909    1.702960   -0.891041
     12          1           0       -0.025240    2.427721    0.000000

DMSO

 Center     Atomic      Atomic             Coordinates (Angstroms)
 Number     Number       Type             X           Y           Z
 ---------------------------------------------------------------------
      1          6           0       -0.260467   -0.783054    1.337542
      2         16           0       -0.260467    0.430972    0.000000
      3          8           0        1.099918    1.066659    0.000000
      4          6           0       -0.260467   -0.783054   -1.337542
      5          1           0       -0.230519   -0.226266    2.275260
      6          1           0       -1.163816   -1.396342    1.298279
      7          1           0        0.641206   -1.393478    1.247594
      8          1           0       -1.163816   -1.396342   -1.298279
      9          1           0       -0.230519   -0.226266   -2.275260
     10          1           0        0.641206   -1.393478   -1.247594

Ethanol 

Center     Atomic      Atomic             Coordinates (Angstroms)
 Number     Number       Type             X           Y           Z
 ---------------------------------------------------------------------
      1          8           0       -1.234524   -0.261315   -0.104162
      2          1           0       -1.187742   -0.914409    0.597570
      3          6           0       -0.085370    0.561501    0.046666
      4          1           0       -0.130133    1.279823   -0.774777
      5          1           0       -0.127063    1.129316    0.986671
      6          6           0        1.206944   -0.239309   -0.023172
      7          1           0        1.245033   -0.804109   -0.957579
      8          1           0        2.081271    0.416323    0.031892
      9          1           0        1.265384   -0.949573    0.808555


Ether 

Center     Atomic      Atomic             Coordinates (Angstroms)
 Number     Number       Type             X           Y           Z
 ---------------------------------------------------------------------
      1          8           0       -0.000013    0.273901    0.000413
      2          6           0        1.170069   -0.520573   -0.000131
      3          1           0        1.184928   -1.171530    0.888312
      4          1           0        1.184487   -1.170869   -0.889042
      5          6           0        2.369166    0.407866   -0.000077
      6          1           0        2.349376    1.044647    0.887211
      7          1           0        3.299048   -0.167903   -0.001212
      8          6           0       -2.369129    0.407889   -0.000182
      9          1           0       -2.348805    1.045475    0.886517
     10          1           0       -3.299033   -0.167849   -0.000293
     11          6           0       -1.170122   -0.520590    0.000090
     12          1           0       -1.184942   -1.171203    0.888763
     13          1           0       -1.184494   -1.171156   -0.888621
     14          1           0        2.348168    1.046220   -0.886208
     15          1           0       -2.348526    1.045411   -0.886921

Hexane


 Center     Atomic      Atomic             Coordinates (Angstroms)
 Number     Number       Type             X           Y           Z
 ---------------------------------------------------------------------
      1          6           0        0.007630    0.764100    0.000000
      2          1           0       -0.537562    1.130879    0.880582
      3          6           0        1.417146    1.355735    0.000000
      4          1           0        1.959123    0.986427    0.879722
      5          1           0        1.959123    0.986427   -0.879722
      6          1           0       -0.537562    1.130879   -0.880582
      7          6           0        1.417146    2.884434    0.000000
      8          1           0        0.900882    3.270827   -0.884765
      9          1           0        0.900882    3.270827    0.884765
     10          1           0        2.434859    3.286178    0.000000
     11          6           0       -1.417146   -2.884434    0.000000
     12          1           0       -0.900882   -3.270827   -0.884765
     13          1           0       -0.900882   -3.270827    0.884765
     14          6           0       -1.417146   -1.355735    0.000000
     15          1           0       -1.959123   -0.986427   -0.879722
     16          1           0       -1.959123   -0.986427    0.879722
     17          1           0       -2.434859   -3.286178    0.000000
     18          6           0       -0.007630   -0.764100    0.000000
     19          1           0        0.537562   -1.130879    0.880582
     20          1           0        0.537562   -1.130879   -0.880582

Methanol

 Center     Atomic      Atomic             Coordinates (Angstroms)
 Number     Number       Type             X           Y           Z
 ---------------------------------------------------------------------
      1          8           0       -0.749586   -0.121430   -0.000002
      2          1           0       -1.109503    0.766424   -0.000024
      3          6           0        0.661219    0.018537   -0.000005
      4          1           0        1.030024    0.542304    0.890802
      5          1           0        1.078652   -0.988635    0.001285
      6          1           0        1.030201    0.540124   -0.892013


Pentane

 Center     Atomic      Atomic             Coordinates (Angstroms)
 Number     Number       Type             X           Y           Z
 ---------------------------------------------------------------------
      1          6           0        2.545226   -0.328161    0.000030
      2          1           0        2.576452   -0.972247   -0.884713
      3          1           0        2.576390   -0.972125    0.884865
      4          1           0        3.447378    0.290733    0.000018
      5          6           0        1.277845    0.527045   -0.000063
      6          1           0        1.274597    1.182643   -0.879925
      7          1           0        1.274586    1.182784    0.879696
      8          6           0        0.000011   -0.311882   -0.000011
      9          1           0       -0.000028   -0.969442   -0.880349
     10          1           0        0.000076   -0.969471    0.880310
     11          6           0       -1.277848    0.527056    0.000062
     12          1           0       -1.274600    1.182821   -0.879675
     13          1           0       -1.274607    1.182635    0.879936
     14          6           0       -2.545234   -0.328167   -0.000022
     15          1           0       -3.447399    0.290706    0.000069
     16          1           0       -2.576436   -0.972081   -0.884890
     17          1           0       -2.576410   -0.972304    0.884685

Pyridine 

Center     Atomic      Atomic             Coordinates (Angstroms)
 Number     Number       Type             X           Y           Z
 ---------------------------------------------------------------------
      1          6           0        0.000000    0.000000   -1.391903
      2          6           0        0.000000    1.198033   -0.674460
      3          6           0        0.000000    1.143435    0.722843
      4          7           0        0.000000    0.000000    1.428115
      5          6           0        0.000000   -1.143435    0.722843
      6          6           0        0.000000   -1.198033   -0.674460
      7          1           0        0.000000    0.000000   -2.478067
      8          1           0        0.000000    2.157690   -1.181908
      9          1           0        0.000000    2.060680    1.307953
     10          1           0        0.000000   -2.060680    1.307953
     11          1           0        0.000000   -2.157690   -1.181908


THF

 Center     Atomic      Atomic             Coordinates (Angstroms)
 Number     Number       Type             X           Y           Z
 ---------------------------------------------------------------------
      1          8           0       -0.003526   -1.251191   -0.006815
      2          6           0       -1.160547   -0.419017   -0.137067
      3          1           0       -1.511373   -0.443925   -1.177636
      4          1           0       -1.949998   -0.813638    0.508863
      5          6           0       -0.719434    0.993245    0.244942
      6          1           0       -1.338104    1.768514   -0.213770
      7          1           0       -0.742913    1.118418    1.332509
      8          6           0        0.728573    0.985533   -0.249095
      9          1           0        0.754296    1.099522   -1.337841
     10          1           0        1.353143    1.759750    0.203419
     11          6           0        1.155270   -0.426639    0.145933
     12          1           0        1.953931   -0.829868   -0.482787
     13          1           0        1.486048   -0.447981    1.193485








